{
  "camera_type": "perspective",
  "render_height": 410,
  "render_width": 618,
  "fps": 30,
  "seconds": 8,
  "is_cycle": true,
  "smoothness_value": 0.0,
  "camera_path": [
    {
      "camera_to_world": [
        0.06301762587088942,
        0.17254241376935087,
        -0.9829841780416623,
        -0.7069707736935623,
        -0.9980124141660748,
        0.010894867762604593,
        -0.062068696029792265,
        -0.2046964711390305,
        0.0,
        0.9849418344791135,
        0.1728860396125682,
        0.050240650811634584,
        0.0,
        0.0,
        0.0,
        1.0
      ],
      "fov": 39.09650632438253,
      "aspect": 1.5073170731707317
    },
    {
      "camera_to_world": [
        0.08912095068064502,
        0.17219809340325223,
        -0.9810225648669162,
        -0.7054930269819588,
        -0.9960208111027491,
        0.015407768209683734,
        -0.0877789526539171,
        -0.2240648398214532,
        0.0,
        0.9849418344791135,
        0.17288603961256824,
        0.050240650811634584,
        0.0,
        0.0,
        0.0,
        1.0
      ],
      "fov": 39.09650632438253,
      "aspect": 1.5073170731707317
    },
    {
      "camera_to_world": [
        0.11516319644249438,
        0.17173575706542166,
        -0.9783886078293809,
        -0.7035087818714384,
        -0.9933465851278432,
        0.01991010894206706,
        -0.11342904996854894,
        -0.2433878885483821,
        0.0,
        0.9849418344791137,
        0.1728860396125682,
        0.050240650811634584,
        0.0,
        0.0,
        0.0,
        1.0
      ],
      "fov": 39.09650632438253,
      "aspect": 1.5073170731707317
    },
    {
      "camera_to_world": [
        0.14112651510203258,
        0.17115572161809098,
        -0.9750841121116406,
        -0.7010193982644842,
        -0.9899915690222598,
        0.024398804280313713,
        -0.1390014086782403,
        -0.26265237426742827,
        0.0,
        0.9849418344791137,
        0.1728860396125682,
        0.050240650811634584,
        0.0,
        0.0,
        0.0,
        1.0
      ],
      "fov": 39.09650632438253,
      "aspect": 1.5073170731707317
    },
    {
      "camera_to_world": [
        0.16699311269754655,
        0.17045838458858228,
        -0.9711113424499971,
        -0.6980265822602731,
        -0.9859580621464508,
        0.028870777896854098,
        -0.16447850276569884,
        -0.2818450940623621,
        0.0,
        0.9849418344791135,
        0.1728860396125682,
        0.050240650811634584,
        0.0,
        0.0,
        0.0,
        1.0
      ],
      "fov": 39.09650632438253,
      "aspect": 1.5073170731707317
    },
    {
      "camera_to_world": [
        0.19274526155510935,
        0.16964422389686293,
        -0.9664730215823325,
        -0.6945323849854,
        -0.9812488288645508,
        0.03332296492435146,
        -0.18984287150324597,
        -0.30095289420173355,
        0.0,
        0.9849418344791135,
        0.17288603961256824,
        0.050240650811634584,
        0.0,
        0.0,
        0.0,
        1.0
      ],
      "fov": 39.09650632438253,
      "aspect": 1.5073170731707317
    },
    {
      "camera_to_world": [
        0.21836531243824323,
        0.16871379752800264,
        -0.9611723283820798,
        -0.690539201188138,
        -0.9758670966498196,
        0.03775231405620895,
        -0.21507713141952808,
        -0.3199626791537836,
        0.0,
        0.9849418344791135,
        0.1728860396125682,
        0.050240650811634584,
        0.0,
        0.0,
        0.0,
        1.0
      ],
      "fov": 39.09650632438253,
      "aspect": 1.5073170731707317
    },
    {
      "camera_to_world": [
        0.24383570664382276,
        0.16766774314975894,
        -0.9552128956795831,
        -0.6860497675971977,
        -0.9698165538726938,
        0.0421557896377825,
        -0.24016398821327775,
        -0.33886142056146584,
        0.0,
        0.9849418344791137,
        0.1728860396125682,
        0.050240650811634584,
        0.0,
        0.0,
        0.0,
        1.0
      ],
      "fov": 39.09650632438253,
      "aspect": 1.5073170731707317
    },
    {
      "camera_to_world": [
        0.2691389880359334,
        0.16650677767555103,
        -0.9485988077723365,
        -0.6810671610461103,
        -0.9631013472729615,
        0.0465303737468669,
        -0.2650862486059644,
        -0.35763616617143223,
        0.0,
        0.9849418344791135,
        0.17288603961256818,
        0.050240650811634584,
        0.0,
        0.0,
        0.0,
        1.0
      ],
      "fov": 39.09650632438253,
      "aspect": 1.5073170731707317
    },
    {
      "camera_to_world": [
        0.2942578150094372,
        0.16523169677312344,
        -0.9413345976258104,
        -0.6755947963645187,
        -0.955726079117794,
        0.050873068262029336,
        -0.2898268321252107,
        -0.3762740487108619,
        0.0,
        0.9849418344791135,
        0.17288603961256824,
        0.050240650811634584,
        0.0,
        0.0,
        0.0,
        1.0
      ],
      "fov": 39.09650632438253,
      "aspect": 1.5073170731707317
    },
    {
      "camera_to_world": [
        0.3191749723750393,
        0.16384337431923496,
        -0.9334252437667839,
        -0.6696364240378255,
        -0.947695804047582,
        0.05518089691737141,
        -0.3143687828108916,
        -0.39476229470604496,
        0.0,
        0.9849418344791135,
        0.1728860396125682,
        0.050240650811634584,
        0.0,
        0.0,
        0.0,
        1.0
      ],
      "fov": 39.09650632438253,
      "aspect": 1.5073170731707317
    },
    {
      "camera_to_world": [
        0.34387338315772076,
        0.16234276180074725,
        -0.924876166871311,
        -0.6631961276367958,
        -0.9390160256117375,
        0.059450907342313564,
        -0.3386952808359046,
        -0.4130882332366845,
        0.0,
        0.9849418344791135,
        0.1728860396125682,
        0.050240650811634584,
        0.0,
        0.0,
        0.0,
        1.0
      ],
      "fov": 39.09650632438253,
      "aspect": 1.5073170731707317
    },
    {
      "camera_to_world": [
        0.36833612030044505,
        0.16073088766252316,
        -0.9156932260496599,
        -0.656278321018883,
        -0.9296926924968358,
        0.06368017308500243,
        -0.3627896540336398,
        -0.4312393046199132,
        0.0,
        0.9849418344791137,
        0.1728860396125682,
        0.050240650811634584,
        0.0,
        0.0,
        0.0,
        1.0
      ],
      "fov": 39.09650632438253,
      "aspect": 1.5073170731707317
    },
    {
      "camera_to_world": [
        0.3925464182651152,
        0.15900885660258215,
        -0.9058827148307714,
        -0.6488877453031906,
        -0.9197321944496829,
        0.06786579561795447,
        -0.38663538932424796,
        -0.4492030690180711,
        0.0,
        0.9849418344791137,
        0.1728860396125682,
        0.050240650811634584,
        0.0,
        0.0,
        0.0,
        1.0
      ],
      "fov": 39.09650632438253,
      "aspect": 1.5073170731707317
    },
    {
      "camera_to_world": [
        0.41648768452283713,
        0.15717784881499544,
        -0.8954513568489895,
        -0.6410294656211469,
        -0.9091413578981026,
        0.07200490632456204,
        -0.4102161440318815,
        -0.46696721496434934,
        0.0,
        0.9849418344791137,
        0.17288603961256824,
        0.050240650811634584,
        0.0,
        0.0,
        0.0,
        1.0
      ],
      "fov": 39.09650632438253,
      "aspect": 1.5073170731707317
    },
    {
      "camera_to_world": [
        0.44014351092561144,
        0.15523911918103958,
        -0.8844063012360163,
        -0.6327088676451161,
        -0.8979274412724427,
        0.07609466846510012,
        -0.4335157570851495,
        -0.4845195678004559,
        0.0,
        0.9849418344791135,
        0.1728860396125682,
        0.050240650811634584,
        0.0,
        0.0,
        0.0,
        1.0
      ],
      "fov": 39.09650632438253,
      "aspect": 1.5073170731707317
    },
    {
      "camera_to_world": [
        0.46349768495165644,
        0.15319399640916403,
        -0.8727551177212565,
        -0.6239316538973279,
        -0.8860981300310113,
        0.08013227912088573,
        -0.45651826009310675,
        -0.5018480980205162,
        0.0,
        0.9849418344791137,
        0.1728860396125682,
        0.050240650811634584,
        0.0,
        0.0,
        0.0,
        1.0
      ],
      "fov": 39.09650632438253,
      "aspect": 1.5073170731707317
    },
    {
      "camera_to_world": [
        0.4865342008166611,
        0.1510438821243606,
        -0.8605057914439014,
        -0.6147038398416532,
        -0.873661531392846,
        0.08411497111525851,
        -0.4792078882891916,
        -0.5189409295154964,
        0.0,
        0.9849418344791135,
        0.1728860396125682,
        0.050240650811634584,
        0.0,
        0.0,
        0.0,
        1.0
      ],
      "fov": 39.09650632438253,
      "aspect": 1.5073170731707317
    },
    {
      "camera_to_world": [
        0.509237270443352,
        0.14879024990755935,
        -0.847666717480314,
        -0.6050317497609063,
        -0.8606261687814312,
        0.08804001491006548,
        -0.5015690913356116,
        -0.5357863477124966,
        0.0,
        0.9849418344791135,
        0.1728860396125682,
        0.050240650811634584,
        0.0,
        0.0,
        0.0,
        1.0
      ],
      "fov": 39.09650632438253,
      "aspect": 1.5073170731707317
    },
    {
      "camera_to_world": [
        0.5315913342818502,
        0.1464346442857102,
        -0.8342466950904629,
        -0.5949220124224969,
        -0.8470009759831697,
        0.09190472047634995,
        -0.5235865439807653,
        -0.5523728076033315,
        0.0,
        0.9849418344791137,
        0.1728860396125682,
        0.050240650811634584,
        0.0,
        0.0,
        0.0,
        1.0
      ],
      "fov": 39.09650632438253,
      "aspect": 1.5073170731707317
    },
    {
      "camera_to_world": [
        0.553581071973411,
        0.1439786796732415,
        -0.8202549216873491,
        -0.584381556535404,
        -0.8327952910246127,
        0.09570643913796312,
        -0.5452451565624056,
        -0.5686889416569039,
        0.0,
        0.9849418344791137,
        0.17288603961256824,
        0.050240650811634584,
        0.0,
        0.0,
        0.0,
        1.0
      ],
      "fov": 39.09650632438253,
      "aspect": 1.5073170731707317
    },
    {
      "camera_to_world": [
        0.5751914128502331,
        0.1414240392656201,
        -0.8057009865335583,
        -0.5734176060015852,
        -0.8180188497726399,
        0.09944256538683448,
        -0.5665300853493417,
        -0.5847235676099432,
        0.0,
        0.9849418344791137,
        0.1728860396125682,
        0.050240650811634584,
        0.0,
        0.0,
        0.0,
        1.0
      ],
      "fov": 39.09650632438253,
      "aspect": 1.5073170731707317
    },
    {
      "camera_to_world": [
        0.5964075462641396,
        0.13877247388577454,
        -0.7905948641692596,
        -0.5620376749650747,
        -0.8026817792619864,
        0.10311053866865666,
        -0.5874267427145884,
        -0.6004656961307681,
        0.0,
        0.9849418344791135,
        0.1728860396125682,
        0.050240650811634584,
        0.0,
        0.0,
        0.0,
        1.0
      ],
      "fov": 39.09650632438253,
      "aspect": 1.5073170731707317
    },
    {
      "camera_to_world": [
        0.6172149317370582,
        0.13602580078416737,
        -0.7749469075761541,
        -0.550249562662165,
        -0.7867945907546763,
        0.10670784513776164,
        -0.6079208071329989,
        -0.6159045383508273,
        0.0,
        0.9849418344791135,
        0.1728860396125682,
        0.050240650811634584,
        0.0,
        0.0,
        0.0,
        1.0
      ],
      "fov": 39.09650632438253,
      "aspect": 1.5073170731707317
    },
    {
      "camera_to_world": [
        0.6375993089263383,
        0.13318590239334308,
        -0.7587678410820576,
        -0.5380613480761987,
        -0.7703681725361294,
        0.11023201937998506,
        -0.6279982329965227,
        -0.6310295132588509,
        0.0,
        0.9849418344791135,
        0.1728860396125682,
        0.050240650811634584,
        0.0,
        0.0,
        0.0,
        1.0
      ],
      "fov": 39.09650632438253,
      "aspect": 1.5073170731707317
    },
    {
      "camera_to_world": [
        0.6575467073980763,
        0.13025472503780267,
        -0.7420687530109829,
        -0.5254813844006384,
        -0.7534137824528754,
        0.11368064610233762,
        -0.6476452602403622,
        -0.6458302549525461,
        0.0,
        0.9849418344791135,
        0.1728860396125682,
        0.050240650811634584,
        0.0,
        0.0,
        0.0,
        1.0
      ],
      "fov": 39.09650632438253,
      "aspect": 1.5073170731707317
    },
    {
      "camera_to_world": [
        0.6770434562017544,
        0.12723427760009007,
        -0.7248610880837557,
        -0.5125182933142042,
        -0.7359430401969863,
        0.11705136178832662,
        -0.6668484237734353,
        -0.6602966197428695,
        0.0,
        0.9849418344791135,
        0.1728860396125682,
        0.050240650811634584,
        0.0,
        0.0,
        0.0,
        1.0
      ],
      "fov": 39.09650632438253,
      "aspect": 1.5073170731707317
    },
    {
      "camera_to_world": [
        0.6960761932396273,
        0.1241266301440043,
        -0.707156639574375,
        -0.4991809590720055,
        -0.7179679193425211,
        0.12034185631779191,
        -0.6855945627066765,
        -0.674418693106005,
        0.0,
        0.9849418344791135,
        0.1728860396125682,
        0.050240650811634584,
        0.0,
        0.0,
        0.0,
        1.0
      ],
      "fov": 39.09650632438253,
      "aspect": 1.5073170731707317
    },
    {
      "camera_to_world": [
        0.7146318744244354,
        0.12093391249588138,
        -0.6889675412274924,
        -0.48547852241671746,
        -0.6995007391394364,
        0.12354987455014685,
        -0.703870829372851,
        -0.6881867964782826,
        0.0,
        0.9849418344791135,
        0.17288603961256824,
        0.050240650811634584,
        0.0,
        0.0,
        0.0,
        1.0
      ],
      "fov": 39.09650632438253,
      "aspect": 1.5073170731707317
    },
    {
      "camera_to_world": [
        0.7326977826191717,
        0.11765831278491747,
        -0.670306258942549,
        -0.4714203743139717,
        -0.6805541560705871,
        0.12667321786993904,
        -0.7216646981317058,
        -0.7015914938893835,
        0.0,
        0.9849418344791137,
        0.17288603961256824,
        0.050240650811634584,
        0.0,
        0.0,
        0.0,
        1.0
      ],
      "fov": 39.09650632438253,
      "aspect": 1.5073170731707317
    },
    {
      "camera_to_world": [
        0.7502615363527714,
        0.11430207594353468,
        -0.6511855822302715,
        -0.4570161495162579,
        -0.661141155177606,
        0.12970974569367152,
        -0.7389639739544167,
        -0.714623598429281,
        0.0,
        0.9849418344791137,
        0.1728860396125682,
        0.050240650811634584,
        0.0,
        0.0,
        0.0,
        1.0
      ],
      "fov": 39.09650632438253,
      "aspect": 1.5073170731707317
    },
    {
      "camera_to_world": [
        0.7673110983057548,
        0.11086750216881631,
        -0.6316186154473789,
        -0.44227571995974496,
        -0.6412750411616036,
        0.13265737693685195,
        -0.7557568007814535,
        -0.7272741785444921,
        0.0,
        0.9849418344791135,
        0.1728860396125682,
        0.050240650811634584,
        0.0,
        0.0,
        0.0,
        1.0
      ],
      "fov": 39.09650632438253,
      "aspect": 1.5073170731707317
    },
    {
      "camera_to_world": [
        0.7838347835600042,
        0.10735694534606667,
        -0.6116187688155121,
        -0.4272091879985499,
        -0.6209694292647918,
        0.13551409144026372,
        -0.7720316696481295,
        -0.7395345641593165,
        0.0,
        0.9849418344791135,
        0.1728860396125682,
        0.050240650811634584,
        0.0,
        0.0,
        0.0,
        1.0
      ],
      "fov": 39.09650632438253,
      "aspect": 1.5073170731707317
    },
    {
      "camera_to_world": [
        0.7998212676070228,
        0.10377281143557592,
        -0.5911997492305385,
        -0.41182687948108904,
        -0.600238235939277,
        0.13827793135448227,
        -0.787777426572271,
        -0.7513963526178735,
        0.0,
        0.9849418344791135,
        0.1728860396125682,
        0.050240650811634584,
        0.0,
        0.0,
        0.0,
        1.0
      ],
      "fov": 39.09650632438253,
      "aspect": 1.5073170731707317
    },
    {
      "camera_to_world": [
        0.8152595941091872,
        0.10011755682369486,
        -0.5703755508685288,
        -0.3961393366732568,
        -0.5790956693094185,
        0.14094700248168726,
        -0.8029832801986004,
        -0.7628514144428631,
        0.0,
        0.9849418344791137,
        0.17288603961256827,
        0.050240650811634584,
        0.0,
        0.0,
        0.0,
        1.0
      ],
      "fov": 39.09650632438253,
      "aspect": 1.5073170731707317
    },
    {
      "camera_to_world": [
        0.8301391824086745,
        0.09639368663935036,
        -0.5491604455948482,
        -0.38015731103328365,
        -0.5575562194342895,
        0.1435194755738511,
        -0.8176388091945912,
        -0.7738918989071037,
        0.0,
        0.9849418344791135,
        0.1728860396125682,
        0.050240650811634584,
        0.0,
        0.0,
        0.0,
        1.0
      ],
      "fov": 39.09650632438253,
      "aspect": 1.5073170731707317
    },
    {
      "camera_to_world": [
        0.8444498347789163,
        0.09260375303715533,
        -0.5275689731829333,
        -0.3638917558432228,
        -0.5356346483769147,
        0.14599358758641443,
        -0.8317339693927303,
        -0.784510239414028,
        0.0,
        0.9849418344791135,
        0.17288603961256827,
        0.050240650811634584,
        0.0,
        0.0,
        0.0,
        1.0
      ],
      "fov": 39.09650632438253,
      "aspect": 1.5073170731707317
    },
    {
      "camera_to_world": [
        0.8581817434136113,
        0.08875035344828926,
        -0.5056159313494566,
        -0.3473538187021191,
        -0.5133459800870898,
        0.14836764288658846,
        -0.8452591006742861,
        -0.7946991586834506,
        0.0,
        0.9849418344791137,
        0.1728860396125682,
        0.050240650811634584,
        0.0,
        0.0,
        0.0,
        1.0
      ],
      "fov": 39.09650632438253,
      "aspect": 1.5073170731707317
    },
    {
      "camera_to_world": [
        0.8713254971485047,
        0.08483612880034892,
        -0.4833163656127131,
        -0.33055483388600104,
        -0.49070549010471765,
        0.1506400144154571,
        -0.8582049335898738,
        -0.8044516737390517,
        0.0,
        0.9849418344791135,
        0.17288603961256824,
        0.050240650811634584,
        0.0,
        0.0,
        0.0,
        1.0
      ],
      "fov": 39.09650632438253,
      "aspect": 1.5073170731707317
    },
    {
      "camera_to_world": [
        0.8838720879113326,
        0.08086376170738795,
        -0.4606855589811692,
        -0.3135063145799329,
        -0.4677286950907134,
        0.15280914480308208,
        -0.8705625957122723,
        -0.8137611006941616,
        0.0,
        0.9849418344791137,
        0.17288603961256827,
        0.050240650811634584,
        0.0,
        0.0,
        0.0,
        1.0
      ],
      "fov": 39.09650632438253,
      "aspect": 1.5073170731707317
    },
    {
      "camera_to_world": [
        0.895812916895502,
        0.07683597463138771,
        -0.43773902147925675,
        -0.29621994498745485,
        -0.44443134219266356,
        0.15487354743584605,
        -0.8823236177171415,
        -0.8226210593325616,
        0.0,
        0.9849418344791137,
        0.17288603961256824,
        0.050240650811634584,
        0.0,
        0.0,
        0.0,
        1.0
      ],
      "fov": 39.09650632438253,
      "aspect": 1.5073170731707317
    },
    {
      "camera_to_world": [
        0.9071398004532846,
        0.07275552801641778,
        -0.41449247951757484,
        -0.27870757232281246,
        -0.42082939825251625,
        0.1568318074753038,
        -0.8934799391874751,
        -0.8310254774811652,
        0.0,
        0.9849418344791135,
        0.17288603961256824,
        0.050240650811634584,
        0.0,
        0.0,
        0.0,
        1.0
      ],
      "fov": 39.09650632438253,
      "aspect": 1.5073170731707317
    },
    {
      "camera_to_world": [
        0.9178449757044809,
        0.06862521839676505,
        -0.39096186511479253,
        -0.2609811986914669,
        -0.39693903886370374,
        0.15868258282784162,
        -0.9040239141378088,
        -0.838968595171584,
        0.0,
        0.9849418344791135,
        0.17288603961256824,
        0.050240650811634584,
        0.0,
        0.0,
        0.0,
        1.0
      ],
      "fov": 39.09650632438253,
      "aspect": 1.5073170731707317
    },
    {
      "camera_to_world": [
        0.9279211058567087,
        0.06444787648032935,
        -0.3671633049786415,
        -0.24305297286445343,
        -0.37277663728520155,
        0.16042460506448109,
        -0.9139483162543944,
        -0.8464449685877202,
        0.0,
        0.9849418344791135,
        0.1728860396125682,
        0.050240650811634584,
        0.0,
        0.0,
        0.0,
        1.0
      ],
      "fov": 39.09650632438253,
      "aspect": 1.5073170731707317
    },
    {
      "camera_to_world": [
        0.9373612852336759,
        0.06022636520859729,
        -0.3431131094534746,
        -0.2249351819522189,
        -0.3483587532201127,
        0.16205668029019715,
        -0.9232463438477563,
        -0.8534494737966876,
        0.0,
        0.9849418344791137,
        0.17288603961256824,
        0.050240650811634584,
        0.0,
        0.0,
        0.0,
        1.0
      ],
      "fov": 39.09650632438253,
      "aspect": 1.5073170731707317
    },
    {
      "camera_to_world": [
        0.9461590440079848,
        0.05596357779452532,
        -0.3188277613419705,
        -0.20664024298365075,
        -0.32370212146647476,
        0.16357768996215413,
        -0.9319116245142288,
        -0.8599773102604991,
        0.0,
        0.9849418344791135,
        0.1728860396125682,
        0.050240650811634584,
        0.0,
        0.0,
        0.0,
        1.0
      ],
      "fov": 39.09650632438253,
      "aspect": 1.5073170731707317
    },
    {
      "camera_to_world": [
        0.9543083526352295,
        0.05166243573967605,
        -0.2943239046086444,
        -0.1881806943960652,
        -0.29882364044806525,
        0.164986591656299,
        -0.9399382195032836,
        -0.8660240041261147,
        0.0,
        0.9849418344791135,
        0.1728860396125682,
        0.050240650811634584,
        0.0,
        0.0,
        0.0,
        1.0
      ],
      "fov": 39.09650632438253,
      "aspect": 1.5073170731707317
    },
    {
      "camera_to_world": [
        0.9618036259863438,
        0.04732588683196704,
        -0.26961833297290666,
        -0.16956918744198934,
        -0.2737403606330665,
        0.1662824197817868,
        -0.9473206277876527,
        -0.8715854112915984,
        0.0,
        0.9849418344791137,
        0.1728860396125682,
        0.050240650811634584,
        0.0,
        0.0,
        0.0,
        1.0
      ],
      "fov": 39.09650632438253,
      "aspect": 1.5073170731707317
    },
    {
      "camera_to_world": [
        0.9686397271753702,
        0.04295690312540424,
        -0.24472797839948568,
        -0.15081847751862415,
        -0.2484694728485262,
        0.1674642862427483,
        -0.9540537898334571,
        -0.8766577202462771,
        0.0,
        0.9849418344791135,
        0.1728860396125682,
        0.050240650811634584,
        0.0,
        0.0,
        0.0,
        1.0
      ],
      "fov": 39.09650632438253,
      "aspect": 1.5073170731707317
    },
    {
      "camera_to_world": [
        0.9748119710800245,
        0.03855847890318448,
        -0.21966989949410504,
        -0.1319414154259321,
        -0.22302829649862263,
        0.16853138104694682,
        -0.9601330910677599,
        -0.8812374546829609,
        0.0,
        0.9849418344791137,
        0.1728860396125682,
        0.050240650811634584,
        0.0,
        0.0,
        0.0,
        1.0
      ],
      "fov": 39.09650632438253,
      "aspect": 1.5073170731707317
    },
    {
      "camera_to_world": [
        0.9803161275526451,
        0.03413362862556344,
        -0.19446126981236722,
        -0.11295093855934102,
        -0.19743426769481068,
        0.1694829728609061,
        -0.9655543650411629,
        -0.8853214758804298,
        0.0,
        0.9849418344791135,
        0.17288603961256824,
        0.050240650811634584,
        0.0,
        0.0,
        0.0,
        1.0
      ],
      "fov": 39.09650632438253,
      "aspect": 1.5073170731707317
    },
    {
      "camera_to_world": [
        0.9851484243193243,
        0.029685384863895263,
        -0.1691193660898574,
        -0.09386006204310016,
        -0.17170492730598264,
        0.17031840951112986,
        -0.9703138962832835,
        -0.8889069848545563,
        0.0,
        0.9849418344791135,
        0.17288603961256827,
        0.050240650811634584,
        0.0,
        0.0,
        0.0,
        1.0
      ],
      "fov": 39.09650632438253,
      "aspect": 1.5073170731707317
    },
    {
      "camera_to_world": [
        0.9893055495652368,
        0.02521679622225938,
        -0.1436615564015301,
        -0.07468186981036282,
        -0.1458579089368313,
        0.17103711843106909,
        -0.9744084228491519,
        -0.8919915242765901,
        0.0,
        0.9849418344791137,
        0.1728860396125682,
        0.050240650811634584,
        0.0,
        0.0,
        0.0,
        1.0
      ],
      "fov": 39.09650632438253,
      "aspect": 1.5073170731707317
    },
    {
      "camera_to_world": [
        0.992784654204392,
        0.020730925248099896,
        -0.11810528825850038,
        -0.0554295056361136,
        -0.11991092684266004,
        0.17163860705353037,
        -0.9778351385547863,
        -0.894572980157287,
        0.0,
        0.9849418344791135,
        0.17288603961256824,
        0.050240650811634584,
        0.0,
        0.0,
        0.0,
        1.0
      ],
      "fov": 39.09650632438253,
      "aspect": 1.5073170731707317
    },
    {
      "camera_to_world": [
        0.9955833538322557,
        0.016230846333308183,
        -0.09246807665038903,
        -0.036116164129080315,
        -0.09388176378891529,
        0.1721224631482569,
        -0.9805916949004102,
        -0.8966495832957333,
        0.0,
        0.9849418344791135,
        0.17288603961256824,
        0.050240650811634584,
        0.0,
        0.0,
        0.0,
        1.0
      ],
      "fov": 39.09650632438253,
      "aspect": 1.5073170731707317
    },
    {
      "camera_to_world": [
        0.9976997303599009,
        0.011719643607188447,
        -0.06676749204142479,
        -0.016755081688808786,
        -0.06778825886376812,
        0.1724883551044505,
        -0.9826762026799977,
        -0.8982199104918664,
        0.0,
        0.9849418344791137,
        0.17288603961256827,
        0.050240650811634584,
        0.0,
        0.0,
        0.0,
        1.0
      ],
      "fov": 39.09650632438253,
      "aspect": 1.5073170731707317
    },
    {
      "camera_to_world": [
        0.9991323333285708,
        0.007200408822749629,
        -0.041021148328526186,
        0.002640472565903749,
        -0.04164829525209498,
        0.17273603215804098,
        -0.9840872332760396,
        -0.899282885521866,
        0.0,
        0.9849418344791135,
        0.1728860396125682,
        0.050240650811634584,
        0.0,
        0.0,
        0.0,
        1.0
      ],
      "fov": 39.09650632438253,
      "aspect": 1.5073170731707317
    },
    {
      "camera_to_world": [
        0.9998801809037511,
        0.0026762392377721557,
        -0.015246690769615316,
        0.022057205891000825,
        -0.015479787979234863,
        0.17286532456354778,
        -0.9848238196386485,
        -0.8998377798757429,
        0.0,
        0.9849418344791135,
        0.1728860396125682,
        0.050240650811634584,
        0.0,
        0.0,
        0.0,
        1.0
      ],
      "fov": 39.09650632438253,
      "aspect": 1.5073170731707317
    },
    {
      "camera_to_world": [
        0.9999427605480694,
        -0.0018497645078977933,
        0.01053821610956007,
        0.041481811027349054,
        0.010699328367073784,
        0.17287614371041438,
        -0.9848854569483244,
        -0.8998842132566245,
        -0.0,
        0.9849418344791137,
        0.17288603961256824,
        0.050240650811634584,
        0.0,
        0.0,
        0.0,
        1.0
      ],
      "fov": 39.09650632438253,
      "aspect": 1.5073170731707317
    },
    {
      "camera_to_world": [
        0.9993200293725634,
        -0.0063745005173717895,
        0.03631590062180939,
        0.060900975320868335,
        0.036871111928162795,
        0.1727684821837378,
        -0.9842721029619341,
        -0.8994221538413913,
        -0.0,
        0.9849418344791135,
        0.1728860396125682,
        0.050240650811634584,
        0.0,
        0.0,
        0.0,
        1.0
      ],
      "fov": 39.09650632438253,
      "aspect": 1.5073170731707317
    },
    {
      "camera_to_world": [
        0.9980124141660748,
        -0.010894867762604546,
        0.062068696029792,
        0.08030138984636077,
        0.06301762587088915,
        0.17254241376935087,
        -0.9829841780416625,
        -0.8984519183024859,
        -0.0,
        0.9849418344791137,
        0.17288603961256824,
        0.050240650811634584,
        0.0,
        0.0,
        0.0,
        1.0
      ],
      "fov": 39.09650632438253,
      "aspect": 1.5073170731707317
    },
    {
      "camera_to_world": [
        0.9960208111027491,
        -0.015407768209683679,
        0.08777895265391679,
        0.09966975852878346,
        0.08912095068064471,
        0.1721980934032522,
        -0.9810225648669162,
        -0.8969741715908826,
        -0.0,
        0.9849418344791135,
        0.1728860396125682,
        0.050240650811634584,
        0.0,
        0.0,
        0.0,
        1.0
      ],
      "fov": 39.09650632438253,
      "aspect": 1.5073170731707317
    },
    {
      "camera_to_world": [
        0.9933465851278432,
        -0.019910108942067045,
        0.11342904996854887,
        0.11899280725571251,
        0.11516319644249431,
        0.17173575706542166,
        -0.9783886078293809,
        -0.894989926480362,
        -0.0,
        0.9849418344791137,
        0.1728860396125682,
        0.050240650811634584,
        0.0,
        0.0,
        0.0,
        1.0
      ],
      "fov": 39.09650632438253,
      "aspect": 1.5073170731707317
    },
    {
      "camera_to_world": [
        0.9899915690222598,
        -0.024398804280313695,
        0.1390014086782402,
        0.1382572929747587,
        0.1411265151020325,
        0.17115572161809098,
        -0.9750841121116406,
        -0.8925005428734079,
        -0.0,
        0.9849418344791135,
        0.1728860396125682,
        0.050240650811634584,
        0.0,
        0.0,
        0.0,
        1.0
      ],
      "fov": 39.09650632438253,
      "aspect": 1.5073170731707317
    },
    {
      "camera_to_world": [
        0.9859580621464509,
        -0.028870777896854057,
        0.1644785027656986,
        0.15745001276969237,
        0.1669931126975463,
        0.17045838458858228,
        -0.9711113424499972,
        -0.8895077268691969,
        -0.0,
        0.9849418344791137,
        0.1728860396125682,
        0.050240650811634584,
        0.0,
        0.0,
        0.0,
        1.0
      ],
      "fov": 39.09650632438253,
      "aspect": 1.5073170731707317
    },
    {
      "camera_to_world": [
        0.9812488288645509,
        -0.03332296492435144,
        0.18984287150324586,
        0.17655781290906394,
        0.19274526155510924,
        0.16964422389686293,
        -0.9664730215823325,
        -0.8860135295943237,
        -0.0,
        0.9849418344791137,
        0.17288603961256824,
        0.050240650811634584,
        0.0,
        0.0,
        0.0,
        1.0
      ],
      "fov": 39.09650632438253,
      "aspect": 1.5073170731707317
    },
    {
      "camera_to_world": [
        0.9758670966498196,
        -0.03775231405620894,
        0.21507713141952803,
        0.19556759786111405,
        0.21836531243824317,
        0.16871379752800264,
        -0.9611723283820798,
        -0.8820203457970617,
        -0.0,
        0.9849418344791135,
        0.1728860396125682,
        0.050240650811634584,
        0.0,
        0.0,
        0.0,
        1.0
      ],
      "fov": 39.09650632438253,
      "aspect": 1.5073170731707317
    },
    {
      "camera_to_world": [
        0.9698165538726938,
        -0.04215578963778247,
        0.24016398821327753,
        0.2144663392687961,
        0.2438357066438225,
        0.167667743149759,
        -0.9552128956795832,
        -0.8775309122061212,
        -0.0,
        0.9849418344791135,
        0.17288603961256827,
        0.050240650811634584,
        0.0,
        0.0,
        0.0,
        1.0
      ],
      "fov": 39.09650632438253,
      "aspect": 1.5073170731707317
    },
    {
      "camera_to_world": [
        0.9631013472729615,
        -0.04653037374686694,
        0.26508624860596464,
        0.23324108487876286,
        0.2691389880359336,
        0.16650677767555103,
        -0.9485988077723365,
        -0.8725483056550338,
        -0.0,
        0.9849418344791135,
        0.1728860396125682,
        0.050240650811634584,
        0.0,
        0.0,
        0.0,
        1.0
      ],
      "fov": 39.09650632438253,
      "aspect": 1.5073170731707317
    },
    {
      "camera_to_world": [
        0.9557260791177941,
        -0.05087306826202933,
        0.28982683212521065,
        0.2518789674181923,
        0.29425781500943715,
        0.16523169677312347,
        -0.9413345976258104,
        -0.8670759409734423,
        -0.0,
        0.9849418344791135,
        0.17288603961256824,
        0.050240650811634584,
        0.0,
        0.0,
        0.0,
        1.0
      ],
      "fov": 39.09650632438253,
      "aspect": 1.5073170731707317
    },
    {
      "camera_to_world": [
        0.9476958040475821,
        -0.055180896917371366,
        0.3143687828108913,
        0.2703672134133752,
        0.31917497237503906,
        0.16384337431923496,
        -0.9334252437667839,
        -0.8611175686467492,
        -0.0,
        0.9849418344791135,
        0.1728860396125682,
        0.050240650811634584,
        0.0,
        0.0,
        0.0,
        1.0
      ],
      "fov": 39.09650632438253,
      "aspect": 1.5073170731707317
    },
    {
      "camera_to_world": [
        0.9390160256117375,
        -0.059450907342313564,
        0.33869528083590467,
        0.288693151944015,
        0.3438733831577208,
        0.16234276180074722,
        -0.924876166871311,
        -0.8546772722457194,
        -0.0,
        0.9849418344791135,
        0.1728860396125682,
        0.050240650811634584,
        0.0,
        0.0,
        0.0,
        1.0
      ],
      "fov": 39.09650632438253,
      "aspect": 1.5073170731707317
    },
    {
      "camera_to_world": [
        0.9296926924968358,
        -0.06368017308500244,
        0.3627896540336398,
        0.30684422332724365,
        0.36833612030044505,
        0.1607308876625232,
        -0.9156932260496599,
        -0.8477594656278065,
        -0.0,
        0.9849418344791137,
        0.17288603961256824,
        0.050240650811634584,
        0.0,
        0.0,
        0.0,
        1.0
      ],
      "fov": 39.09650632438253,
      "aspect": 1.5073170731707317
    },
    {
      "camera_to_world": [
        0.919732194449683,
        -0.06786579561795443,
        0.3866353893242477,
        0.32480798772540137,
        0.3925464182651149,
        0.1590088566025822,
        -0.9058827148307715,
        -0.8403688899121142,
        -0.0,
        0.9849418344791137,
        0.17288603961256824,
        0.050240650811634584,
        0.0,
        0.0,
        0.0,
        1.0
      ],
      "fov": 39.09650632438253,
      "aspect": 1.5073170731707317
    },
    {
      "camera_to_world": [
        0.9091413578981025,
        -0.07200490632456205,
        0.4102161440318816,
        0.34257213367168,
        0.41648768452283724,
        0.15717784881499539,
        -0.8954513568489894,
        -0.8325106102300706,
        -0.0,
        0.9849418344791137,
        0.1728860396125682,
        0.050240650811634584,
        0.0,
        0.0,
        0.0,
        1.0
      ],
      "fov": 39.09650632438253,
      "aspect": 1.5073170731707317
    },
    {
      "camera_to_world": [
        0.8979274412724427,
        -0.07609466846510012,
        0.43351575708514944,
        0.36012448650778633,
        0.4401435109256114,
        0.15523911918103958,
        -0.8844063012360163,
        -0.8241900122540398,
        -0.0,
        0.9849418344791135,
        0.1728860396125682,
        0.050240650811634584,
        0.0,
        0.0,
        0.0,
        1.0
      ],
      "fov": 39.09650632438253,
      "aspect": 1.5073170731707317
    },
    {
      "camera_to_world": [
        0.8860981300310115,
        -0.08013227912088572,
        0.45651826009310653,
        0.3774530167278465,
        0.4634976849516563,
        0.1531939964091641,
        -0.8727551177212565,
        -0.8154127985062514,
        -0.0,
        0.9849418344791137,
        0.17288603961256824,
        0.050240650811634584,
        0.0,
        0.0,
        0.0,
        1.0
      ],
      "fov": 39.09650632438253,
      "aspect": 1.5073170731707317
    },
    {
      "camera_to_world": [
        0.8736615313928461,
        -0.0841149711152585,
        0.4792078882891915,
        0.39454584822282684,
        0.48653420081666104,
        0.15104388212436062,
        -0.8605057914439014,
        -0.8061849844505768,
        -0.0,
        0.9849418344791135,
        0.1728860396125682,
        0.050240650811634584,
        0.0,
        0.0,
        0.0,
        1.0
      ],
      "fov": 39.09650632438253,
      "aspect": 1.5073170731707317
    },
    {
      "camera_to_world": [
        0.8606261687814312,
        -0.0880400149100655,
        0.5015690913356116,
        0.411391266419827,
        0.509237270443352,
        0.14879024990755937,
        -0.847666717480314,
        -0.7965128943698299,
        -0.0,
        0.9849418344791135,
        0.17288603961256824,
        0.050240650811634584,
        0.0,
        0.0,
        0.0,
        1.0
      ],
      "fov": 39.09650632438253,
      "aspect": 1.5073170731707317
    },
    {
      "camera_to_world": [
        0.8470009759831698,
        -0.09190472047634993,
        0.5235865439807651,
        0.4279777263106619,
        0.5315913342818501,
        0.14643464428571024,
        -0.8342466950904629,
        -0.7864031570314205,
        -0.0,
        0.9849418344791135,
        0.1728860396125682,
        0.050240650811634584,
        0.0,
        0.0,
        0.0,
        1.0
      ],
      "fov": 39.09650632438253,
